# D. M. Popper
#   Annual Reviews of Astronomy and Astrophysics 18 (1980) 115
#
# spectroscopic binaries
# Name	M/M_sun	R/R_sun	log10(T_e) log10(L)
HD6882		3.92	2.85	4.160	2.50
HD6882		2.54	1.85	4.005	1.51
HD96314		3.61	4.39	4.063	2.49
HD96314		2.64	2.16	4.005	1.64
HD35311		3.31	2.70	4.088	2.17
HD35311		2.51	2.00	4.001	1.56
HD170470	2.78	2.65	4.015	1.86
HD170470	2.36	2.12	3.985	1.54
HD170757	2.75	2.44	4.015	1.79
HD170757	2.33	1.96	3.985	1.48
HD34364		2.48	1.83	4.048	1.67
HD34364		2.29	1.83	3.997	1.46
HD40183		2.35	2.49	3.955	1.56
HD40183		2.27	2.49	3955	1.56
HD120359	2.28	3.62	3.885	1.60
HD120359	2.32	4.55	3.878	1.79
HD161321A	2.1	3.0	3.890	1.47
HD161321A	1.8	2.2	3.882	1.16
HD77708		2.06	2.10	3.915	1.26
HD77708		1.60	1.75	3.855	0.86
HD44691		2.00	2.50	3.880	1.26
HD44691		1.55	1.93	3.850	0.93
HD46052		1.98	1.89	3.910	1.15
HD46052		1.82	1.89	3.890	1.065
HD209147	1.88	1.59	3.935	1.095
HD209147	1.47	1.42	3.855	0.68
HD75747		1.86	2.28	3.885	1.21
HD75747		1.82	2.28	3.863	1.12
HD193637	1.81	2.20	3.848	1.03
HD193637	1.78	2.20	3.845	1.02
HD190786	1.78	1.52	3.940	1.08
HD190786	1.34	1.20	3.820	0.41
HD205234	1.68	2.54	3.840	1.12
HD205234	1.78	2.80	3.827	1.15
HD18597		1.76	1.88	3.875	1.00
HD18597		1.63	1.88	3.860	0.94
HD121648	1.72	2.22	3.824	0.94
HD156965	1.62	1.58	3.863	0.80
HD156965	1.45	1.48	3.827	0.60
HD19115		1.52	2.11	3.830	0.92
HD19115		1.28	1.48	3.820	0.57
HD93486		1.51	2.26	3.800	0.86
BK_Peg		1.27	1.48	3.785	0.43
BK_Peg		1.43	2.03	3.780	0.69
HD123423	1.46	1.76	3.800	0.64
HD34335		1.40	1.74	3.798	0.625
HD34335		1.31	1.61	3.798	0.56
HD20173		1.39	1.50	3.820	0.58
HD20173		1.27	1.26	3.803	0.365
HD190020	1.37	1.44	3.808	0.50
HD90242		1.34	1.36	3.810	0.46
HD90242		1.28	1.22	3.803	0.34
HD185912	1.33	1.31	3.806	0.41
HD185912	1.29	1.31	3.806	0.41
HD72257		1.23	1.35	3.812	0.46
HD72257		1.12	1.12	3.798	0.24
HD37513		1.17	1.28	3.785	0.31
HD37513		1.11	1.28	3.782	0.29
HD154676	1.12	1.34	3.785	0.35
HD92109		0.99	1.08	3.768	0.09
HD92109		0.92	1.08	3.768	0.09
YY_Gem		0.59	0.62	3.576	-1.13
GL630.1		0.24	0.25	3.500	-2.16
GL630.1		0.21	0.235	3.500	-2.16
